253 251 243 242 241 233 232 213 212 211 201 166 110 100 85 64 36 
252 243 233 232 221 211 201 191 166 122 120 100 85 
251 243 233 231 221 212 178 177 166 156 141 122 121 100 64 
250 248 245 243 229 210 204 175 172 155 140 119 116 113 99 84 35 
249 247 243 227 226 221 207 206 205 201 166 115 114 81 60 
248 243 241 227 226 221 205 187 116 96 60 
247 241 227 225 206 201 172 171 152 137 115 114 81 
246 244 224 223 221 204 203 202 166 113 112 111 59 
245 242 241 224 223 221 202 201 186 112 95 80 59 
244 241 224 222 203 169 168 166 151 136 112 111 59 
243 241 239 238 237 233 232 221 217 213 206 197 196 191 184 183 182 178 177 172 170 166 161 160 152 146 145 137 128 127 126 122 106 105 104 100 91 89 85 81 76 70 69 68 64 60 55 49 41 32 27 14 6 
242 235 234 233 223 216 214 212 211 204 194 186 169 159 158 144 143 122 121 113 103 102 95 88 86 85 67 66 59 38 20 
241 238 233 231 227 219 218 205 196 195 187 183 182 178 176 170 166 160 156 145 141 127 122 121 116 100 96 68 64 60 41 
240 238 235 233 200 194 165 162 155 135 109 108 106 103 79 
239 237 233 227 226 225 221 197 196 195 191 187 156 152 105 
238 233 231 227 221 195 187 152 106 105 27 
237 231 227 196 191 162 161 152 132 105 96 76 27 
236 234 224 223 222 221 194 193 192 186 156 151 103 102 75 
235 232 231 224 192 191 186 151 100 95 75 
234 231 224 193 159 158 156 151 131 102 95 54 26 
233 232 231 227 226 225 199 192 191 190 186 162 161 156 155 152 151 132 106 105 100 99 96 95 79 76 75 
232 231 229 227 224 222 196 195 192 188 186 162 161 153 152 151 132 105 104 100 96 95 76 75 27 
231 230 229 227 226 225 221 195 187 165 162 161 159 156 155 135 132 109 108 103 99 96 79 76 58 30 27 
230 228 224 221 190 189 188 186 152 151 99 97 74 
229 226 225 224 222 221 188 187 97 53 25 
228 225 222 221 189 186 155 154 152 130 99 98 97 96 95 74 25 
227 225 224 222 221 200 198 196 195 194 193 190 188 187 186 162 159 154 153 132 131 109 107 104 103 102 100 99 96 78 76 74 57 54 53 27 26 25 
226 224 200 198 196 195 194 193 192 191 190 159 158 155 135 134 108 107 105 102 98 79 78 75 74 58 57 53 30 29 25 
225 224 198 195 191 190 186 165 164 163 161 160 159 158 156 155 151 134 133 131 130 105 104 100 97 96 95 77 75 56 54 29 28 26 25 
224 222 221 198 196 194 191 189 165 164 163 161 160 159 158 156 155 153 151 134 133 132 130 102 100 77 76 75 74 58 57 56 30 28 25 
222 221 200 199 196 195 188 187 164 163 161 159 157 156 153 151 133 131 102 101 95 57 54 53 29 26 25 
220 218 215 213 199 190 150 147 140 135 91 84 24 
219 217 213 207 206 205 201 197 196 191 141 137 90 89 81 
218 213 211 207 201 197 196 191 187 137 89 85 76 
217 211 207 197 195 187 147 146 137 132 91 89 85 76 21 
216 214 204 203 202 201 194 193 191 141 136 88 87 86 85 80 20 
215 212 211 204 194 193 191 186 136 88 87 86 85 80 75 
214 211 204 194 192 186 144 143 141 136 131 88 86 75 48 
213 212 211 207 206 205 200 195 193 191 190 186 147 146 141 140 137 136 132 94 93 91 90 89 87 86 85 84 81 80 79 75 21 
212 211 209 207 204 202 199 198 197 194 193 192 191 188 187 186 147 146 138 137 136 132 93 92 91 88 87 80 76 75 21 
211 210 209 207 206 205 201 199 196 195 191 187 150 147 146 144 141 140 135 132 94 90 88 85 84 81 79 76 52 24 21 
210 208 204 201 190 189 187 186 137 136 84 81 74 
209 206 205 204 202 201 190 189 187 186 84 83 80 74 47 
208 205 202 201 190 188 140 139 137 130 81 
207 205 204 202 201 200 199 198 197 196 194 193 188 187 147 144 139 138 132 131 94 93 92 91 88 87 85 81 80 76 51 48 47 23 21 20 
206 204 199 198 197 194 189 144 143 140 135 134 94 92 91 89 86 85 84 79 78 52 51 47 24 23 20 
205 204 200 195 193 191 188 187 186 150 149 148 146 145 144 143 141 140 136 134 133 131 130 94 92 90 89 87 85 84 80 78 74 50 48 
204 202 201 200 199 198 197 195 194 193 191 186 150 149 148 146 145 144 143 141 140 138 136 134 133 132 130 94 93 91 90 89 85 83 80 79 75 52 51 50 21 
202 201 199 194 192 190 187 149 148 146 144 142 141 138 136 133 131 94 90 89 88 87 84 82 80 78 77 75 74 51 48 47 22 
200 198 194 191 190 189 188 187 186 132 131 130 79 77 76 46 18 
199 196 195 194 192 191 190 186 130 79 76 75 74 
198 195 192 191 190 135 134 132 130 77 76 74 18 
185 183 180 178 164 155 150 144 67 58 17 
184 182 178 172 171 170 166 162 161 156 147 146 145 141 137 70 60 
183 178 176 172 166 162 161 156 152 145 137 132 64 49 14 
182 176 172 162 160 152 146 141 68 60 14 
181 179 169 168 167 166 159 158 156 144 143 142 136 59 48 
180 177 176 169 159 158 156 151 142 141 136 131 67 66 59 
179 176 169 159 157 151 143 65 64 59 48 
178 177 176 172 171 170 165 160 158 156 155 151 149 142 141 140 136 135 132 131 73 68 66 64 63 59 49 
177 176 174 172 169 167 164 163 162 159 158 157 156 153 152 151 146 145 142 138 136 133 131 72 71 68 67 66 65 60 59 56 50 15 14 
176 175 174 172 171 170 166 164 161 160 156 152 145 137 135 70 68 58 52 17 14 
175 173 169 166 155 154 152 151 140 139 138 136 62 61 53 47 12 
174 171 170 169 167 166 155 154 152 151 138 137 130 63 62 61 60 59 47 
173 170 167 166 155 153 139 136 63 59 53 
172 170 169 167 166 165 164 163 162 161 159 158 153 152 150 148 146 145 144 143 140 138 137 136 133 131 130 72 69 68 67 64 63 62 56 53 51 50 16 15 14 12 
171 169 164 163 162 159 154 150 148 146 145 144 143 142 141 140 135 130 70 69 63 58 53 52 48 17 12 
170 169 165 160 158 156 153 152 151 148 145 141 140 136 133 131 72 71 68 67 64 63 59 51 50 48 47 16 12 
169 167 166 165 164 163 162 160 159 158 156 151 148 146 144 141 139 135 134 132 131 70 69 66 64 63 61 56 53 52 49 16 15 
167 166 164 159 157 155 152 150 149 146 145 138 137 134 133 130 71 69 66 65 64 63 61 60 56 51 48 47 15 
165 163 159 156 155 154 153 152 151 135 134 133 131 130 57 
164 161 160 159 157 156 155 151 133 132 130 58 56 54 53 46 11 
163 160 157 156 155 134 131 58 56 54 11 
150 148 144 141 140 139 138 137 136 135 134 132 131 51 50 49 47 46 10 
149 146 145 144 142 141 140 136 135 134 132 131 130 51 47 
148 145 142 141 140 135 133 130 51 47 10 
129 127 124 122 108 99 94 88 73 70 63 58 52 45 42 39 35 24 17 
128 126 122 116 115 114 110 106 105 100 91 90 89 85 81 64 60 42 36 
127 122 120 116 110 106 105 100 96 89 81 76 60 36 32 21 6 
126 120 116 106 104 96 90 85 70 69 60 55 49 42 41 40 27 21 14 
125 123 113 112 111 110 103 102 100 88 87 86 80 64 59 36 20 
124 121 120 113 103 102 100 95 86 85 80 75 59 39 38 
123 120 113 103 101 95 87 67 66 64 59 54 48 39 38 37 26 
122 121 120 116 115 114 109 104 102 100 99 95 93 86 85 84 80 79 76 75 70 69 64 63 60 59 55 49 45 42 41 40 38 32 27 14 6 
121 120 118 116 113 111 108 107 106 103 102 101 100 97 96 95 90 89 86 82 80 77 75 70 69 61 60 59 55 49 44 43 42 41 40 39 38 37 33 28 27 22 21 14 7 
120 119 118 116 115 114 110 108 105 104 100 96 89 81 79 73 70 69 67 64 63 58 55 52 49 45 41 40 39 36 35 27 21 14 9 
119 117 113 110 99 98 96 95 84 83 82 80 60 59 34 33 32 31 25 19 4 
118 115 114 113 111 110 99 98 96 95 82 81 74 35 34 33 32 31 19 12 4 
117 114 111 110 99 97 83 80 63 62 60 53 47 34 32 31 19 12 4 
116 114 113 111 110 109 108 107 106 105 103 102 97 96 94 92 90 89 88 87 84 82 81 80 77 75 74 70 67 62 61 55 54 49 48 44 42 41 40 36 35 33 28 27 26 25 23 22 21 20 16 14 12 7 
115 113 108 107 106 103 98 94 92 90 89 88 87 86 85 84 79 74 67 66 63 58 57 52 51 42 41 39 38 29 25 23 20 12 9 
114 113 109 104 102 100 97 96 95 92 89 85 84 80 77 75 73 72 71 69 68 67 66 64 63 59 57 56 54 53 51 50 48 47 45 41 38 29 28 26 25 16 12 
113 111 110 109 108 107 106 104 103 102 100 95 92 90 88 85 83 79 78 76 75 73 72 71 69 68 67 66 64 63 61 59 57 56 55 53 51 50 49 47 45 44 43 42 40 39 31 29 27 24 23 22 19 17 14 12 9 8 7 6 4 
111 110 108 103 101 99 96 94 93 90 89 82 81 78 77 74 72 71 69 67 65 64 61 59 56 54 50 48 44 39 38 35 32 31 26 23 22 19 16 15 12 8 4 
109 107 103 100 99 98 97 96 95 79 78 77 75 74 55 54 53 29 27 26 25 11 3 
108 105 104 103 101 100 99 95 77 76 74 53 30 28 26 18 3 
107 104 101 100 99 78 75 58 57 55 53 46 29 28 27 26 25 18 11 
94 92 88 85 84 83 82 81 80 79 78 76 75 49 48 47 23 22 20 18 10 
93 90 89 88 86 85 84 80 79 78 76 75 74 47 23 
92 89 86 85 84 79 77 74 52 51 49 47 46 24 21 18 10 
73 71 67 64 63 62 61 60 59 58 57 55 54 52 51 50 48 47 17 14 13 11 1 
72 69 68 67 65 64 63 59 58 57 55 54 53 50 49 47 46 16 15 14 11 
71 68 65 64 63 58 56 53 51 48 13 12 1 
45 43 39 36 35 34 33 32 31 30 29 27 26 24 23 22 20 19 14 13 12 9 4 3 1 
44 41 40 39 37 36 35 31 30 29 27 26 25 22 21 19 18 12 8 7 6 4 3 
43 40 37 36 35 30 28 25 23 20 17 16 14 12 11 10 9 8 6 5 3 2 0 
