128 127 124 122 113 109 106 103 99 93 91 84 79 63 45 42 39 
126 124 120 118 111 108 107 104 101 97 89 82 77 61 44 43 37 33 28 22 7 
129 122 119 118 116 113 109 106 103 94 93 88 84 70 67 63 45 39 24 17 9 
125 121 119 117 115 112 109 105 102 94 92 87 83 69 66 62 43 23 16 
126 123 121 119 109 107 98 87 73 69 62 57 51 45 43 41 38 29 16 
120 118 108 97 92 86 72 71 68 61 56 50 44 22 7 
253 252 249 248 238 236 233 224 215 213 204 197 194 184 178 172 169 162 147 128 127 125 122 109 106 99 93 84 79 63 45 
239 232 227 221 218 211 207 201 197 191 172 166 128 122 120 116 115 114 104 100 85 76 70 69 64 60 55 49 42 41 40 32 27 14 6 
243 242 241 236 231 224 215 204 194 191 178 177 169 166 156 141 125 110 102 95 86 85 80 75 59 38 36 
251 250 249 246 244 240 239 236 234 232 228 226 223 217 214 208 203 198 193 184 173 171 168 161 146 129 128 126 125 123 121 117 105 102 92 41 38 
248 243 241 238 237 233 232 231 225 221 211 205 201 195 191 170 166 127 126 122 116 114 106 104 100 96 90 70 69 60 55 49 42 41 27 21 14 
245 243 235 234 233 222 221 212 211 202 192 178 177 167 166 156 141 124 123 122 113 103 102 95 85 80 75 64 59 39 38 
250 248 247 241 237 231 225 205 199 185 183 182 180 176 174 164 160 149 145 129 126 124 114 108 68 44 40 
249 248 238 197 184 178 172 162 147 128 122 120 115 114 110 105 104 100 96 89 81 70 69 64 55 49 42 41 40 36 27 21 14 
246 245 243 242 241 235 232 231 221 211 201 194 181 178 177 169 159 156 144 141 125 121 113 110 85 67 36 
248 245 243 240 239 236 229 227 220 219 218 216 209 207 204 199 194 190 175 174 162 159 147 144 128 127 122 118 116 113 109 99 93 91 84 73 67 63 42 35 
243 241 239 238 237 233 232 225 219 217 213 212 207 205 201 195 191 187 178 171 170 156 141 127 110 106 105 104 100 85 81 70 69 60 55 49 42 41 36 27 21 14 
230 229 228 227 226 224 223 210 208 206 205 204 203 188 186 172 169 152 151 137 136 118 115 113 111 95 84 83 74 61 60 35 25 12 
246 240 239 236 217 216 214 212 210 200 189 181 175 165 150 128 125 115 107 94 92 90 66 62 57 51 45 41 38 29 23 
243 238 237 233 226 219 217 213 212 211 207 197 187 178 177 172 162 161 147 146 122 121 115 106 105 96 89 60 41 
229 228 227 224 210 208 206 205 204 203 202 201 190 169 168 155 154 140 139 116 112 84 83 80 74 63 35 25 12 
245 240 234 231 225 222 211 209 202 192 185 182 180 179 176 174 167 163 157 153 148 142 138 129 126 123 114 107 104 101 92 89 77 72 68 61 56 50 28 
243 239 232 225 221 217 207 201 195 191 184 183 182 178 177 172 166 161 160 156 152 146 145 141 137 128 121 114 105 89 85 68 64 60 41 
230 225 223 221 208 205 201 188 186 175 174 173 171 170 169 168 166 154 153 151 139 138 136 119 115 114 113 112 98 96 84 80 63 62 59 53 47 25 12 
245 243 240 238 236 233 224 220 219 213 210 200 197 194 185 184 183 181 178 174 169 165 164 162 155 150 149 147 140 129 127 108 103 94 93 88 84 79 73 72 70 67 39 35 24 17 9 
236 235 234 233 231 214 212 203 194 193 191 181 180 179 177 176 169 167 158 157 156 151 143 142 141 136 125 124 123 122 120 113 111 110 103 95 87 86 85 80 75 66 38 37 36 
230 229 228 227 225 224 223 221 208 206 204 201 190 189 187 186 175 174 173 171 170 169 168 166 154 153 152 139 138 137 119 118 117 116 114 111 110 98 96 95 84 82 61 60 59 53 47 35 34 33 32 31 19 12 4 
241 235 229 225 220 217 205 198 188 182 180 176 167 157 142 124 123 118 114 108 93 92 89 77 72 65 56 50 44 43 33 22 15 
235 224 221 216 215 212 211 202 201 193 192 186 180 179 177 167 157 142 124 113 111 103 101 87 86 80 67 66 64 54 48 39 26 
229 224 222 210 209 206 205 189 188 174 173 171 169 167 166 153 151 138 136 118 113 112 111 110 99 96 95 83 81 74 62 59 35 34 32 31 19 12 4 
129 126 125 123 121 119 112 109 105 102 98 92 90 83 78 62 43 34 8 
129 124 120 118 117 114 111 108 107 104 101 93 92 86 82 68 65 61 44 43 28 22 15 
244 242 240 236 234 230 226 220 217 208 206 198 189 185 181 179 177 173 168 163 158 148 143 129 125 119 115 112 102 94 92 90 83 78 69 62 38 34 23 16 8 
245 243 235 227 219 218 209 207 200 199 190 185 184 180 178 174 169 164 159 149 144 125 116 113 108 99 84 73 67 63 45 44 39 
245 241 240 238 235 234 231 222 217 215 211 208 199 198 195 192 185 182 180 179 176 174 167 163 160 153 148 145 138 129 127 124 108 93 82 71 56 50 33 22 7 
246 244 242 240 239 237 236 232 223 216 212 200 196 193 185 182 181 177 175 173 168 163 161 154 148 146 139 129 128 126 125 112 109 107 105 102 94 90 78 71 66 62 57 51 41 34 29 23 8 
241 236 231 222 221 214 211 204 192 181 180 179 177 176 169 158 157 151 143 142 136 125 121 113 101 100 85 80 75 67 64 54 48 38 26 
247 246 237 232 228 226 223 217 212 210 203 198 193 185 182 181 177 175 168 163 158 154 148 143 139 109 107 98 92 73 71 69 66 62 57 51 45 41 38 29 16 
248 238 236 233 229 227 224 220 218 213 204 199 194 185 184 183 181 178 169 165 164 159 155 150 149 144 140 128 125 113 108 103 99 84 72 67 45 
247 245 238 235 228 220 217 215 214 211 209 199 188 180 179 174 164 163 149 148 127 126 124 123 108 97 89 61 44 
249 240 230 220 219 218 216 215 213 190 181 165 150 128 125 113 109 108 106 103 99 84 79 67 58 52 42 39 9 
243 241 236 235 234 233 232 222 221 216 214 212 211 204 202 201 192 186 178 168 167 156 141 124 122 121 120 110 103 102 101 100 95 88 86 85 80 75 67 66 64 59 54 48 37 36 26 20 
248 245 241 240 238 237 235 234 225 220 217 215 214 209 205 202 192 188 183 180 173 160 157 145 142 127 126 120 118 114 111 108 107 104 101 86 82 77 71 68 44 40 33 28 22 7 
249 247 246 244 242 240 239 236 228 226 217 216 210 208 206 203 198 193 189 184 181 173 161 158 146 143 129 128 126 121 119 117 109 98 94 69 43 41 23 16 
241 229 226 225 221 205 190 175 172 171 169 166 155 152 140 137 118 116 113 63 60 
251 250 249 247 242 240 237 232 226 217 206 200 184 181 177 175 165 161 150 146 126 125 121 115 90 73 41 
252 249 248 243 239 238 233 227 218 207 184 178 162 147 128 127 122 119 118 116 108 106 91 79 73 67 63 58 52 45 39 35 9 
242 241 229 228 227 224 223 222 221 206 205 202 188 186 172 171 152 137 117 115 114 112 95 81 80 61 59 
251 248 245 238 235 234 231 225 222 217 202 192 183 182 170 167 160 145 127 126 124 123 120 118 111 108 107 104 101 97 86 82 77 68 61 44 43 40 37 33 28 22 7 
253 252 245 240 236 235 233 229 227 224 219 218 215 209 204 199 194 184 174 172 169 162 147 129 128 127 125 124 116 113 103 93 91 42 39 
243 242 241 230 225 223 221 209 202 201 190 187 186 172 171 166 152 137 119 112 99 96 95 84 80 63 59 
252 251 248 247 240 234 231 229 222 211 209 202 199 195 192 183 182 176 174 170 167 160 145 129 127 126 123 120 93 86 68 
253 251 249 247 237 232 230 223 220 214 212 210 203 200 196 193 184 177 175 171 168 161 146 128 126 121 109 105 102 45 38 
